Confusion matrix:
[[ 962    0    2    1    1    4    5    3    1    1]
 [   0 1112    3    2    0    1    5    1   11    0]
 [  11   11  913   18   10    4   13   12   37    3]
 [   4    0   19  920    2   20    5   12   20    8]
 [   1    4    5    4  913    0    9    3    5   38]
 [   9    2    0   40   12  767   17    7   30    8]
 [   7    4    7    2    5   21  909    1    2    0]
 [   2    8   22    6    7    1    1  947    4   30]
 [  10   13    8   23   14   31    8   13  842   12]
 [   7    8    2   15   31   12    0   26   12  895]]